49.6    40  40
40.6    1   1
33      37  37
57.3    1   1
65.2    37  37
74.2    1   1
22.5    1   1
42.6    13  14
44.6    26  26
45.6    31  30
46.6    34  35
47.6    37  36
48.6    39  39
50.6    36  36
51.6    26  27
52.6    23  23
53.6    21  22
55.6    7   8
24.5    11  9
26.5    21  21
28.5    30  31
30.5    32  32
32.5    35  36
35      30  29
36      25  25
38      10  9
39      7   8
73      10  10
71      20  21
69      28  27
67      32  33
66      35  35
64      31  31
63      30  29
61      23  22
59      15  16
58      10  8